397511.0 1.0
397513.0 5.0
397514.0 2.0
397515.0 5.0
397516.0 3.0
397517.0 3.0
397518.0 2.0
397519.0 1.0
397520.0 3.0
397521.0 3.0
397522.0 3.0
397523.0 5.0
397524.0 1.0
397525.0 3.0
397526.0 21.0
397527.0 3.0
397528.0 2.0
397529.0 4.0
397530.0 1.0
397531.0 3.0
397532.0 8.0
397533.0 5.0
397534.0 2.0
397535.0 3.0
397536.0 12.0
397537.0 10.0
397538.0 3.0
397539.0 4.0
397540.0 2.0
397541.0 2.0
397542.0 1.0
397543.0 4.0
397544.0 2.0
397545.0 4.0
397546.0 10.0
397547.0 14.0
397548.0 12.0
397549.0 7.0
397550.0 18.0
397551.0 10.0
397552.0 12.0
397553.0 8.0
397554.0 8.0
397555.0 11.0
397556.0 9.0
397557.0 6.0
397558.0 11.0
397560.0 14.0
397561.0 5.0
397562.0 14.0
397563.0 14.0
397564.0 13.0
397565.0 11.0
397566.0 7.0
397567.0 4.0
397568.0 14.0
397569.0 4.0
397570.0 10.0
397571.0 14.0
397572.0 5.0
397573.0 12.0
397574.0 7.0
397575.0 13.0
397576.0 13.0
397577.0 27.0
397578.0 18.0
397579.0 19.0
397580.0 11.0
397581.0 6.0
397582.0 14.0
397583.0 4.0
397584.0 7.0
397585.0 2.0
397586.0 5.0
397587.0 3.0
397588.0 4.0
397589.0 11.0
397590.0 8.0
397591.0 7.0
397593.0 5.0
397594.0 6.0
397595.0 3.0
397596.0 6.0
397597.0 6.0
397598.0 6.0
397599.0 5.0
397600.0 6.0
397601.0 3.0
397602.0 4.0
397604.0 4.0
397605.0 4.0
397606.0 2.0
397607.0 2.0
397608.0 1.0
397610.0 6.0
397611.0 6.0
397612.0 5.0
397613.0 1.0
397615.0 5.0
397616.0 9.0
397617.0 4.0
397618.0 5.0
397619.0 2.0
397620.0 3.0
397621.0 1.0
397622.0 2.0
397623.0 5.0
397624.0 7.0
397625.0 3.0
397626.0 8.0
397627.0 11.0
397628.0 4.0
397629.0 1.0
397630.0 2.0
397632.0 3.0
397633.0 2.0
397635.0 1.0
397636.0 1.0
397637.0 8.0
397638.0 1.0
397639.0 2.0
397640.0 1.0
397643.0 4.0
397644.0 5.0
397645.0 3.0
397646.0 6.0
397647.0 4.0
397649.0 3.0
397650.0 3.0
397651.0 4.0
397652.0 6.0
397653.0 5.0
397654.0 1.0
397655.0 3.0
397656.0 2.0
397657.0 6.0
397658.0 3.0
397659.0 4.0
397660.0 2.0
397661.0 2.0
397662.0 2.0
397663.0 1.0
397665.0 3.0
397666.0 3.0
397667.0 2.0
397668.0 1.0
397669.0 7.0
397670.0 4.0
397671.0 2.0
397672.0 6.0
397673.0 9.0
397674.0 1.0
397675.0 7.0
397676.0 5.0
397677.0 5.0
397678.0 3.0
397679.0 2.0
397680.0 2.0
397681.0 1.0
397683.0 4.0
397684.0 3.0
397685.0 3.0
397686.0 3.0
397687.0 3.0
397688.0 6.0
397689.0 14.0
397690.0 6.0
397691.0 3.0
397692.0 4.0
397693.0 6.0
397694.0 7.0
397695.0 7.0
397696.0 2.0
397697.0 32.0
397698.0 4.0
397699.0 7.0
397700.0 7.0
397701.0 5.0
397702.0 7.0
397703.0 6.0
397704.0 10.0
397705.0 6.0
397706.0 3.0
397707.0 5.0
397708.0 5.0
397709.0 6.0
397710.0 4.0
397711.0 6.0
397712.0 9.0
397713.0 8.0
397714.0 19.0
