397441.0 2.0
397446.0 6.0
397453.0 1.0
397454.0 12.0
397455.0 4.0
397456.0 4.0
397457.0 4.0
397458.0 19.0
397459.0 24.0
397460.0 7.0
397461.0 3.0
397462.0 7.0
397463.0 4.0
397464.0 17.0
397468.0 1.0
397469.0 1.0
397478.0 3.0
397479.0 2.0
397480.0 2.0
397481.0 8.0
397483.0 3.0
397484.0 1.0
397485.0 4.0
397487.0 14.0
397488.0 2.0
397489.0 7.0
397490.0 2.0
397491.0 2.0
397492.0 1.0
397493.0 7.0
397494.0 6.0
397495.0 1.0
397496.0 1.0
397497.0 5.0
397498.0 3.0
397499.0 10.0
397500.0 24.0
397501.0 105.0
397502.0 44.0
397503.0 75.0
397504.0 48.0
397505.0 74.0
397506.0 4130.0
397507.0 2684.0
397508.0 373.0
397509.0 111.0
397510.0 92.0
397511.0 52.0
397512.0 38.0
397513.0 22.0
397514.0 12.0
397515.0 105.0
397516.0 26.0
397517.0 21.0
397518.0 13.0
397519.0 10.0
397520.0 5.0
397521.0 14.0
397522.0 27.0
397523.0 24.0
397524.0 25.0
397525.0 7.0
397526.0 36.0
397527.0 30.0
397528.0 16.0
397529.0 19.0
397530.0 66.0
397531.0 58.0
397532.0 20.0
397533.0 23.0
397534.0 8.0
397535.0 10.0
397536.0 4.0
397537.0 6.0
397538.0 11.0
397539.0 5.0
397540.0 8.0
397541.0 3.0
397543.0 2.0
397544.0 3.0
397545.0 1.0
397546.0 4.0
397548.0 2.0
397549.0 2.0
397550.0 3.0
397551.0 7.0
397552.0 2.0
397553.0 5.0
397554.0 6.0
397555.0 4.0
397556.0 3.0
397557.0 3.0
397558.0 2.0
397559.0 1.0
397560.0 4.0
397562.0 21.0
397563.0 3.0
397565.0 4.0
397566.0 2.0
397568.0 1.0
397569.0 2.0
397570.0 3.0
397572.0 1.0
397573.0 1.0
397574.0 1.0
397575.0 73.0
397576.0 7.0
397577.0 3.0
397579.0 3.0
397580.0 1.0
397581.0 2.0
397582.0 2.0
397583.0 3.0
397584.0 1.0
397585.0 3.0
397586.0 1.0
397587.0 1.0
397591.0 2.0
397592.0 1.0
397595.0 11.0
397596.0 1.0
397597.0 5.0
397598.0 12.0
397599.0 18.0
397600.0 3.0
397601.0 3.0
397602.0 8.0
397603.0 2.0
397604.0 1.0
397605.0 5.0
397606.0 5.0
397607.0 25.0
397608.0 4.0
397609.0 6.0
397610.0 2.0
397612.0 1.0
397613.0 2.0
397616.0 1.0
397617.0 1.0
397618.0 1.0
397619.0 1.0
397622.0 14.0
397623.0 6.0
397624.0 1.0
397625.0 2.0
397626.0 9.0
397627.0 36.0
397628.0 18.0
397629.0 15.0
397630.0 3.0
397631.0 3.0
397632.0 2.0
397633.0 2.0
397635.0 4.0
397636.0 2.0
