397511.0 4.0
397512.0 19.0
397513.0 35.0
397514.0 22.0
397515.0 16.0
397516.0 17.0
397517.0 24.0
397518.0 34.0
397519.0 43.0
397520.0 35.0
397521.0 57.0
397522.0 61.0
397523.0 40.0
397524.0 105.0
397525.0 55.0
397526.0 76.0
397527.0 55.0
397528.0 101.0
397529.0 44.0
397530.0 58.0
397531.0 57.0
397532.0 54.0
397533.0 58.0
397534.0 84.0
397535.0 56.0
397536.0 21.0
397537.0 18.0
397538.0 15.0
397539.0 8.0
397540.0 14.0
397541.0 12.0
397542.0 20.0
397543.0 60.0
397544.0 28.0
397545.0 44.0
397546.0 81.0
397547.0 84.0
397548.0 43.0
397549.0 69.0
397550.0 57.0
397551.0 40.0
397552.0 52.0
397553.0 51.0
397554.0 81.0
397555.0 67.0
397556.0 47.0
397557.0 40.0
397558.0 39.0
397559.0 39.0
397560.0 17.0
397561.0 19.0
397562.0 8.0
397563.0 8.0
397564.0 10.0
397565.0 24.0
397566.0 27.0
397567.0 29.0
397568.0 32.0
397569.0 52.0
397570.0 36.0
397571.0 43.0
397572.0 54.0
397573.0 53.0
397574.0 34.0
397575.0 71.0
397576.0 79.0
397577.0 80.0
397578.0 72.0
397579.0 49.0
397580.0 48.0
397581.0 53.0
397582.0 36.0
397583.0 14.0
397584.0 8.0
397585.0 21.0
397586.0 16.0
397587.0 23.0
397588.0 37.0
397589.0 45.0
397590.0 67.0
397591.0 65.0
397592.0 65.0
397593.0 68.0
397594.0 70.0
397595.0 89.0
397596.0 137.0
397597.0 158.0
397598.0 114.0
397599.0 140.0
397600.0 120.0
397601.0 167.0
397602.0 166.0
397603.0 169.0
397604.0 199.0
397605.0 114.0
397606.0 117.0
397607.0 72.0
397608.0 40.0
397609.0 98.0
397610.0 41.0
397611.0 31.0
397612.0 29.0
397613.0 68.0
397614.0 97.0
397615.0 101.0
397616.0 105.0
397617.0 135.0
397618.0 95.0
397619.0 117.0
397620.0 189.0
397621.0 245.0
397622.0 192.0
397623.0 240.0
397624.0 361.0
397625.0 276.0
397626.0 249.0
397627.0 234.0
397628.0 251.0
397629.0 208.0
397630.0 251.0
397631.0 117.0
397632.0 107.0
397633.0 76.0
397634.0 131.0
397635.0 60.0
397636.0 92.0
397637.0 234.0
397638.0 281.0
397639.0 303.0
397640.0 335.0
397641.0 331.0
397642.0 426.0
397643.0 433.0
397644.0 461.0
397645.0 677.0
397646.0 643.0
397647.0 652.0
397648.0 829.0
397649.0 986.0
397650.0 1007.0
397651.0 907.0
397652.0 682.0
397653.0 740.0
397654.0 593.0
397655.0 313.0
397656.0 310.0
397657.0 306.0
397658.0 347.0
397659.0 245.0
397660.0 193.0
397661.0 219.0
397662.0 317.0
397663.0 476.0
397664.0 397.0
397665.0 536.0
397666.0 511.0
397667.0 593.0
397668.0 485.0
397669.0 635.0
397670.0 811.0
397671.0 1343.0
397672.0 940.0
397673.0 877.0
397674.0 845.0
397675.0 725.0
397676.0 595.0
397677.0 691.0
397678.0 511.0
397679.0 349.0
397680.0 306.0
397681.0 212.0
397682.0 171.0
397683.0 219.0
397684.0 182.0
397685.0 328.0
397686.0 362.0
397687.0 372.0
397688.0 546.0
397689.0 642.0
397690.0 480.0
397691.0 538.0
397692.0 485.0
397693.0 510.0
397694.0 584.0
397695.0 628.0
397696.0 648.0
397697.0 684.0
397698.0 545.0
397699.0 732.0
397700.0 676.0
397701.0 530.0
397702.0 378.0
397703.0 309.0
397704.0 242.0
397705.0 203.0
397706.0 239.0
397707.0 209.0
397708.0 217.0
397709.0 160.0
397710.0 274.0
397711.0 376.0
397712.0 387.0
397713.0 402.0
397714.0 465.0
397715.0 401.0
