397511.0 28.0
397512.0 95.0
397513.0 179.0
397514.0 143.0
397515.0 128.0
397516.0 139.0
397517.0 160.0
397518.0 175.0
397519.0 171.0
397520.0 163.0
397521.0 97.0
397522.0 129.0
397523.0 204.0
397524.0 214.0
397525.0 114.0
397526.0 84.0
397527.0 184.0
397528.0 102.0
397529.0 92.0
397530.0 161.0
397531.0 47.0
397532.0 26.0
397533.0 96.0
397534.0 39.0
397535.0 33.0
397536.0 61.0
397537.0 248.0
397538.0 138.0
397539.0 63.0
397540.0 132.0
397541.0 57.0
397542.0 174.0
397543.0 31.0
397544.0 136.0
397545.0 82.0
397546.0 30.0
397547.0 125.0
397548.0 95.0
397549.0 202.0
397550.0 172.0
397551.0 271.0
397552.0 147.0
397553.0 24.0
397554.0 53.0
397555.0 64.0
397556.0 156.0
397557.0 20.0
397558.0 69.0
397559.0 157.0
397560.0 16.0
397561.0 82.0
397562.0 134.0
397563.0 12.0
397564.0 175.0
397565.0 84.0
397566.0 209.0
397567.0 96.0
397568.0 140.0
397569.0 170.0
397570.0 9.0
397571.0 34.0
397572.0 44.0
397573.0 87.0
397574.0 41.0
397575.0 111.0
397576.0 100.0
397577.0 30.0
397578.0 31.0
397579.0 314.0
397580.0 159.0
397581.0 21.0
397582.0 23.0
397583.0 57.0
397584.0 29.0
397585.0 15.0
397586.0 46.0
397587.0 119.0
397588.0 78.0
397589.0 11.0
397590.0 16.0
397591.0 107.0
397592.0 150.0
397593.0 69.0
397594.0 16.0
397595.0 3.0
397596.0 22.0
397597.0 6.0
397598.0 8.0
397599.0 10.0
397600.0 8.0
397601.0 16.0
397602.0 5.0
397603.0 18.0
397604.0 12.0
397605.0 6.0
397606.0 8.0
397607.0 2.0
397608.0 4.0
397609.0 2.0
397610.0 6.0
397611.0 5.0
397612.0 1.0
397613.0 9.0
397614.0 1.0
397615.0 5.0
397616.0 2.0
397617.0 1.0
397618.0 1.0
397619.0 2.0
397620.0 1.0
397621.0 4.0
397622.0 4.0
397623.0 33.0
397624.0 4.0
397625.0 3.0
397626.0 5.0
397627.0 7.0
397628.0 7.0
397629.0 2.0
397630.0 3.0
397631.0 4.0
397632.0 1.0
397633.0 1.0
397634.0 2.0
397635.0 2.0
397638.0 2.0
397639.0 6.0
397640.0 4.0
397641.0 2.0
397642.0 1.0
397643.0 4.0
397644.0 3.0
397645.0 5.0
397646.0 1.0
397647.0 4.0
397648.0 4.0
397649.0 2.0
397650.0 4.0
397651.0 2.0
397652.0 3.0
397654.0 1.0
397656.0 1.0
397658.0 2.0
397660.0 1.0
397661.0 2.0
397662.0 1.0
397663.0 1.0
397665.0 2.0
397666.0 3.0
397667.0 6.0
397668.0 4.0
397669.0 8.0
397670.0 3.0
397671.0 7.0
397672.0 3.0
397673.0 2.0
397674.0 2.0
397675.0 2.0
397676.0 3.0
397677.0 1.0
397678.0 2.0
397680.0 5.0
397687.0 1.0
397688.0 1.0
397689.0 1.0
397690.0 1.0
397691.0 2.0
397692.0 3.0
397693.0 1.0
397694.0 1.0
397699.0 1.0
397700.0 2.0
397701.0 1.0
397703.0 1.0
397704.0 1.0
397709.0 1.0
397712.0 1.0
