397441.0 2.0
397446.0 6.0
397453.0 1.0
397454.0 12.0
397455.0 4.0
397456.0 4.0
397457.0 4.0
397458.0 19.0
397459.0 24.0
397460.0 7.0
397461.0 3.0
397462.0 7.0
397463.0 4.0
397464.0 17.0
397469.0 1.0
397478.0 3.0
397479.0 2.0
397480.0 1.0
397481.0 2.0
397483.0 2.0
397484.0 1.0
397485.0 4.0
397487.0 13.0
397488.0 2.0
397489.0 7.0
397490.0 2.0
397502.0 5.0
397503.0 5.0
397506.0 962.0
397507.0 32.0
397508.0 23.0
397509.0 14.0
397510.0 15.0
397511.0 22.0
397512.0 6.0
397513.0 4.0
397515.0 29.0
397516.0 1.0
397522.0 1.0
397523.0 1.0
397524.0 2.0
397525.0 1.0
397526.0 3.0
397527.0 1.0
397529.0 2.0
397530.0 19.0
397531.0 15.0
397532.0 8.0
397533.0 20.0
397534.0 5.0
397535.0 8.0
397536.0 3.0
397537.0 1.0
397538.0 2.0
397539.0 1.0
397546.0 1.0
397552.0 1.0
397553.0 3.0
397554.0 1.0
397555.0 4.0
397556.0 1.0
397557.0 1.0
397558.0 1.0
397575.0 16.0
397579.0 2.0
397581.0 1.0
397585.0 1.0
397591.0 1.0
397598.0 6.0
397601.0 1.0
397602.0 1.0
397603.0 2.0
397604.0 1.0
397605.0 4.0
397606.0 2.0
397607.0 25.0
397608.0 2.0
397609.0 4.0
397610.0 2.0
397618.0 1.0
397619.0 1.0
397622.0 13.0
397623.0 2.0
397624.0 1.0
397625.0 2.0
397626.0 9.0
397627.0 35.0
397628.0 17.0
397629.0 15.0
397630.0 3.0
397631.0 3.0
397632.0 2.0
397633.0 2.0
397635.0 1.0
397636.0 1.0
