397512.0 1.0
397513.0 3.0
397514.0 3.0
397515.0 2.0
397516.0 9.0
397517.0 7.0
397518.0 2.0
397519.0 6.0
397520.0 1.0
397521.0 7.0
397522.0 7.0
397523.0 16.0
397524.0 12.0
397525.0 11.0
397526.0 8.0
397527.0 7.0
397528.0 14.0
397529.0 13.0
397530.0 3.0
397531.0 1.0
397533.0 1.0
397537.0 3.0
397538.0 3.0
397539.0 2.0
397540.0 1.0
397541.0 3.0
397542.0 4.0
397543.0 3.0
397544.0 2.0
397545.0 5.0
397546.0 2.0
397547.0 5.0
397548.0 5.0
397549.0 5.0
397550.0 8.0
397551.0 10.0
397552.0 9.0
397553.0 5.0
397554.0 7.0
397555.0 3.0
397556.0 1.0
397557.0 6.0
397559.0 1.0
397561.0 6.0
397562.0 8.0
397563.0 3.0
397564.0 8.0
397565.0 6.0
397567.0 6.0
397568.0 5.0
397569.0 9.0
397570.0 7.0
397571.0 3.0
397572.0 3.0
397573.0 4.0
397574.0 2.0
397575.0 2.0
397576.0 5.0
397577.0 4.0
397578.0 3.0
397579.0 1.0
397584.0 3.0
397585.0 3.0
397586.0 2.0
397587.0 1.0
397589.0 5.0
397593.0 4.0
397594.0 1.0
397595.0 3.0
397596.0 1.0
397597.0 1.0
397599.0 4.0
397600.0 3.0
397601.0 1.0
397604.0 2.0
397607.0 1.0
397609.0 1.0
397610.0 2.0
397611.0 4.0
397612.0 3.0
397613.0 7.0
397614.0 5.0
397615.0 184.0
397616.0 417.0
397617.0 87.0
397618.0 36.0
397619.0 42.0
397620.0 13.0
397621.0 43.0
397622.0 33.0
397623.0 16.0
397624.0 20.0
397625.0 11.0
397626.0 5.0
397627.0 5.0
397628.0 35.0
397629.0 11.0
397630.0 5.0
397631.0 4.0
397632.0 6.0
397633.0 12.0
397634.0 12.0
397635.0 4.0
397636.0 4.0
397637.0 9.0
397638.0 13.0
397639.0 11.0
397640.0 4.0
397641.0 24.0
397642.0 3.0
397643.0 3.0
397644.0 5.0
397645.0 14.0
397646.0 11.0
397647.0 5.0
397648.0 4.0
397649.0 1.0
397650.0 1.0
397652.0 1.0
397653.0 2.0
397654.0 1.0
397656.0 4.0
397657.0 1.0
397658.0 3.0
397659.0 2.0
397661.0 3.0
397662.0 4.0
397663.0 2.0
397664.0 4.0
397665.0 3.0
397666.0 15.0
397667.0 5.0
397668.0 5.0
397669.0 3.0
397670.0 9.0
397671.0 30.0
397672.0 7.0
397673.0 8.0
397674.0 4.0
397675.0 4.0
397681.0 8.0
397682.0 11.0
397683.0 4.0
397684.0 3.0
397685.0 3.0
397686.0 3.0
397687.0 6.0
397688.0 10.0
397689.0 1.0
397690.0 1.0
397692.0 1.0
397693.0 6.0
397694.0 1.0
397695.0 7.0
397696.0 5.0
397697.0 1.0
397698.0 2.0
397700.0 1.0
397701.0 2.0
397703.0 1.0
397704.0 2.0
397705.0 2.0
397706.0 5.0
397707.0 17.0
397708.0 14.0
397709.0 14.0
397710.0 4.0
397711.0 2.0
397712.0 3.0
397713.0 2.0
397714.0 1.0
